year    month   day             Temperature
    2018       1       1        -2.50867
    2018       1       2        -10.7567
    2018       1       3        -10.2107
    2018       1       4          -13.99
    2018       1       5        -18.0073
    2018       1       6        -17.7207
    2018       1       7        -11.7887
    2018       1       8        -0.14667
    2018       1       9        -2.28067
    2018       1      10         1.28467
    2018       1      11         9.44267
    2018       1      12        -2.08067
    2018       1      13         -13.134
    2018       1      14        -8.59933
    2018       1      15        -10.1313
    2018       1      16        -5.30933
    2018       1      17          -7.954
    2018       1      18        -7.71933
    2018       1      19           -2.15
    2018       1      20         3.24533
    2018       1      21           -0.78
    2018       1      22           1.452
    2018       1      23         2.07667
    2018       1      24        -8.08667
    2018       1      25        -6.54933
    2018       1      26           1.094
    2018       1      27           5.184
    2018       1      28         2.75133
    2018       1      29          -3.758
    2018       1      30         -11.848
    2018       1      31          -4.156
    2018       2       1         0.52867
    2018       2       2        -12.7113
    2018       2       3        -7.68667
    2018       2       4           0.014
    2018       2       5        -10.9093
    2018       2       6           -7.61
    2018       2       7        -7.36133
    2018       2       8        -8.98733
    2018       2       9           -8.11
    2018       2      10        -5.34533
    2018       2      11           -2.42
    2018       2      12        -5.23533
    2018       2      13        -5.24133
    2018       2      14         1.71667
    2018       2      15         5.37933
    2018       2      16        -2.82733
    2018       2      17        -1.76267
    2018       2      18           1.336
    2018       2      19           3.462
    2018       2      20          11.312
    2018       2      21        -0.53667
    2018       2      22        -1.33133
    2018       2      23         1.58133
    2018       2      24         1.06533
    2018       2      25         8.16133
    2018       2      26         3.63133
    2018       2      27         9.84667
    2018       2      28        12.19867
    2018       3       1         1.33333
    2018       3       2           1.974
    2018       3       3         1.41533
    2018       3       4            0.54
    2018       3       5         2.49733
    2018       3       6        -1.29867
    2018       3       7           1.002
    2018       3       8        -3.38267
    2018       3       9         0.00533
    2018       3      10          -1.134
    2018       3      11        -1.69333
    2018       3      12        -2.28933
    2018       3      13        -2.69667
    2018       3      14        -3.10733
    2018       3      15        -0.45867
    2018       3      16        -6.28467
    2018       3      17         1.01933
    2018       3      18         4.76667
    2018       3      19        -2.06733
    2018       3      20        -0.32267
    2018       3      21         0.58067
    2018       3      22         0.14933
    2018       3      23         0.50267
    2018       3      24           0.228
    2018       3      25        -0.73067
    2018       3      26           6.102
    2018       3      27         2.31733
    2018       3      28         3.68533
    2018       3      29         4.35067
    2018       3      30         1.94667
    2018       3      31         5.56667
    2018       4       1          -1.528
    2018       4       2         1.28933
    2018       4       3           3.888
    2018       4       4        -0.90133
    2018       4       5        -1.40467
    2018       4       6         0.33533
    2018       4       7          -2.164
    2018       4       8           -2.87
    2018       4       9         1.18733
    2018       4      10         2.80667
    2018       4      11         1.97733
    2018       4      12            5.03
    2018       4      13         2.78867
    2018       4      14        -0.83533
    2018       4      15        -1.84067
    2018       4      16         2.39467
    2018       4      17        -2.50733
    2018       4      18           1.652
    2018       4      19           0.932
    2018       4      20           2.888
    2018       4      21           9.102
    2018       4      22        12.71067
    2018       4      23        15.98734
    2018       4      24          14.024
    2018       4      25          10.576
    2018       4      26         9.41933
    2018       4      27          14.922
    2018       4      28         3.52533
    2018       4      29         6.19267
    2018       4      30        13.78333
    2018       5       1          23.376
    2018       5       2        23.96734
    2018       5       3        24.76133
    2018       5       4        24.76133
    2018       5       5        18.75333
    2018       5       6        18.65134
    2018       5       7        14.92133
    2018       5       8         -9999.9
    2018       5       9        22.97267
    2018       5      10          16.502
    2018       5      11           9.884
    2018       5      12          12.194
    2018       5      13        16.52333
    2018       5      14        20.17867
    2018       5      15        15.49533
    2018       5      16        20.39667
    2018       5      17          24.026
    2018       5      18        13.71933
    2018       5      19          13.756
    2018       5      20        15.02933
    2018       5      21        19.59533
    2018       5      22          16.154
    2018       5      23          20.964
    2018       5      24        25.47533
    2018       5      25        26.65333
    2018       5      26          27.772
    2018       5      27          25.566
    2018       5      28          28.374
    2018       5      29        26.71667
    2018       5      30          27.092
    2018       5      31        25.51867
    2018       6       1        23.08866
    2018       6       2        16.14867
    2018       6       3        21.47333
    2018       6       4          14.212
    2018       6       5          11.738
    2018       6       6          12.086
    2018       6       7        20.51066
    2018       6       8          22.276
    2018       6       9        19.94333
    2018       6      10        21.33733
    2018       6      11          21.374
    2018       6      12          22.986
    2018       6      13        25.34933
    2018       6      14        21.44333
    2018       6      15           24.08
    2018       6      16        22.92667
    2018       6      17        29.30267
    2018       6      18          29.552
    2018       6      19        23.39067
    2018       6      20        19.93467
    2018       6      21        21.33933
    2018       6      22        19.89733
    2018       6      23           17.68
    2018       6      24        17.22533
    2018       6      25        20.14267
    2018       6      26        21.55333
    2018       6      27        20.95533
    2018       6      28        24.61066
    2018       6      29        29.21933
    2018       6      30           31.09
    2018       7       1        30.22733
    2018       7       2          29.202
    2018       7       3          28.576
    2018       7       4        30.10467
    2018       7       5        31.30666
    2018       7       6        20.78067
    2018       7       7        24.38066
    2018       7       8        25.54534
    2018       7       9          28.494
    2018       7      10        26.94467
    2018       7      11        23.29267
    2018       7      12        26.90667
    2018       7      13        28.31333
    2018       7      14          26.938
    2018       7      15        29.77867
    2018       7      16        30.80133
    2018       7      17          23.522
    2018       7      18        21.19134
    2018       7      19        24.20333
    2018       7      20        27.27933
    2018       7      21        23.40533
    2018       7      22        16.74267
    2018       7      23          25.264
    2018       7      24        24.78933
    2018       7      25          25.296
    2018       7      26        25.30267
    2018       7      27          22.914
    2018       7      28        18.97933
    2018       7      29        24.65733
    2018       7      30          25.104
    2018       7      31          24.782
    2018       8       1           23.96
    2018       8       2          26.096
    2018       8       3        27.05933
    2018       8       4        28.23533
    2018       8       5          30.004
    2018       8       6        29.99334
    2018       8       7        26.82933
    2018       8       8        22.86133
    2018       8       9        25.53533
    2018       8      10          23.392
    2018       8      11          26.386
    2018       8      12        26.53933
    2018       8      13        26.63267
    2018       8      14        27.73867
    2018       8      15           27.58
    2018       8      16        26.44733
    2018       8      17        23.92867
    2018       8      18        24.12867
    2018       8      19        24.02667
    2018       8      20           23.45
    2018       8      21          21.702
    2018       8      22        18.83533
    2018       8      23         -9999.9
    2018       8      24         -9999.9
    2018       8      25         -9999.9
    2018       8      26         -9999.9
    2018       8      27         -9999.9
    2018       8      28        26.88733
    2018       8      29        25.97133
    2018       8      30        18.80467
    2018       8      31        21.25933
    2018       9       1          24.686
    2018       9       2        24.25867
    2018       9       3        27.97533
    2018       9       4          24.322
    2018       9       5        30.62933
    2018       9       6        21.67933
    2018       9       7          21.988
    2018       9       8          14.432
    2018       9       9        12.87267
    2018       9      10          12.618
    2018       9      11        17.10667
    2018       9      12        21.54866
    2018       9      13        21.80733
    2018       9      14        25.17267
    2018       9      15        27.55134
    2018       9      16        27.51334
    2018       9      17        26.29667
    2018       9      18          20.934
    2018       9      19        20.05333
    2018       9      20        17.91733
    2018       9      21        28.58533
    2018       9      22        13.67467
    2018       9      23        16.62333
    2018       9      24        14.92667
    2018       9      25           19.17
    2018       9      26        15.95867
    2018       9      27        14.81867
    2018       9      28        17.37733
    2018       9      29          12.784
    2018       9      30         9.42533
    2018      10       1         7.06133
    2018      10       2        12.11667
    2018      10       3              11
    2018      10       4           14.21
    2018      10       5         9.88533
    2018      10       6        15.38333
    2018      10       7          14.592
    2018      10       8        12.81933
    2018      10       9        25.26533
    2018      10      10        24.17333
    2018      10      11        14.18333
    2018      10      12         6.76133
    2018      10      13         6.68133
    2018      10      14           11.69
    2018      10      15          10.908
    2018      10      16         7.17533
    2018      10      17         5.05133
    2018      10      18           3.746
    2018      10      19        12.31467
    2018      10      20           9.878
    2018      10      21         2.77267
    2018      10      22         9.02067
    2018      10      23         4.62267
    2018      10      24           3.518
    2018      10      25         5.59267
    2018      10      26           6.114
    2018      10      27               2
    2018      10      28           3.364
    2018      10      29           4.836
    2018      10      30         8.01467
    2018      10      31          12.218
    2018      11       1         6.35267
    2018      11       2         3.40667
    2018      11       3         4.19267
    2018      11       4           5.794
    2018      11       5         9.28933
    2018      11       6          13.336
    2018      11       7         5.59667
    2018      11       8         3.19067
    2018      11       9         0.36667
    2018      11      10          -3.264
    2018      11      11         0.91533
    2018      11      12         4.64733
    2018      11      13        -1.44933
    2018      11      14          -1.872
    2018      11      15        -2.01933
    2018      11      16         0.37933
    2018      11      17         0.45667
    2018      11      18        -0.83133
    2018      11      19         1.42733
    2018      11      20          -3.114
    2018      11      21        -5.24533
    2018      11      22        -7.14467
    2018      11      23         0.90067
    2018      11      24           1.788
    2018      11      25           4.358
    2018      11      26           3.832
    2018      11      27        -0.90333
    2018      11      28         0.24733
    2018      11      29           -1.76
    2018      11      30           -0.04
    2018      12       1         0.86133
    2018      12       2         8.28733
    2018      12       3         0.50533
    2018      12       4        -2.09467
    2018      12       5           -1.11
    2018      12       6          -1.044
    2018      12       7          -6.588
    2018      12       8        -3.04533
    2018      12       9        -3.00133
    2018      12      10           -0.76
    2018      12      11          -3.212
    2018      12      12         0.33667
    2018      12      13            0.86
    2018      12      14         2.93667
    2018      12      15         1.66933
    2018      12      16         0.67733
    2018      12      17           0.474
    2018      12      18        -2.27733
    2018      12      19         3.08267
    2018      12      20           3.756
    2018      12      21         2.40867
    2018      12      22          -2.394
    2018      12      23        -1.75667
    2018      12      24        -1.54867
    2018      12      25            -0.4
    2018      12      26            0.69
    2018      12      27          -1.734
    2018      12      28         9.44667
    2018      12      29          -4.604
    2018      12      30          -1.124
    2018      12      31            1.52
